.bazelrc
  h_cb7f8177e9a94f 10
.forgejo/workflows/ci.yaml
  h_cb7f8177e9a94f 1-22
.gitignore
  h_cb7f8177e9a94f 5-6
projects/bazel_cache/index.ts
  h_cb7f8177e9a94f 1-16,30-45
projects/bazel_cache/types/worker-configuration.d.ts
  h_cb7f8177e9a94f 2-3,6,12-17,38,45,51,57,115,121,127,133,139,145,151,157,163,169,187,193,199,204,213,379,424,650,657,663,669,706,712,725,731,738,745,751,757,763,784,797,803,835,848,860,866,882,888-892,900,906,913,952,970,976,993,999,1016,1049,1056,1084,1102,1120,1138,1144,1152,1159,1165,1287,1304,1311,1317,1388,1394,1400,1406,1412,1422,1428,1434,1441,1448,1454,1460,1466,1472,1478,1484,1490,1496,1502,1590,1596,1602,1611,1618,1625,1631,1637,1643,1649,1722,1740,1748,1779,1785,1797,1823,1829,2218,2236,2242,2254,2260,2272,2304,2313,2319,2338,2364,2370,2382,2388,2395,2401,2407,2419,2432,2444,2469,2491,2498,2510,2516,2523,2530,2536,2542,2548,2554,2560,2566,2573,2580,2586,2605,2613,2621,2630,2805,2830,2836,2842,2848,2854,2860,2866,2872,2878,2884,2890,2896,2902,2908,2914,2920,2926,2932,2938,2944,2964,2970,3020,3026,3045-3049,3052-3056,3058-3062,3064-3068,3070-3074,3076-3080,3082-3086,3088-3092,3094-3098,3100-3104,3106-3110,3112-3116,3149,3168,3186,3203,3210,3216,3236,3242,3329,3335,3341,3347,3437-3439,3449,3463,3469,3475,3491,3497,3581,3587
projects/bazel_cache/wrangler.toml
  h_cb7f8177e9a94f 14-16
---
{
  "schema_version": "authorship/3.0.0",
  "git_ai_version": "1.6.22",
  "base_commit_sha": "75bf18df4a6010aeaa42d71f57f7b4d79e0b08f3",
  "prompts": {},
  "humans": {
    "h_cb7f8177e9a94f": {
      "author": "Piper McCorkle <contact@piperswe.me>"
    }
  }
}